00 00 sjc000.dat 9.9910E-01
00 01 sjc001.dat 8.6889E-03
00 02 sjc002.dat 7.0117E-04
00 03 sjc003.dat 2.6439E-05
00 04 sjc004.dat 1.2149E-06
00 05 sjc005.dat 1.3896E-07
00 06 sjc006.dat 9.2981E-08
00 07 sjc007.dat 1.0329E-07
01 00 sjc100.dat 9.2149E-03
01 01 sjc101.dat 9.9750E-01
01 02 sjc102.dat 9.6929E-03
01 03 sjc103.dat 1.9972E-03
01 04 sjc104.dat 1.1428E-04
01 05 sjc105.dat 1.0659E-05
01 06 sjc106.dat 1.9407E-06
01 07 sjc107.dat 9.8066E-07
01 09 sjc109.dat 7.1151E-07
02 00 sjc200.dat 2.9070E-04
02 01 sjc201.dat 1.0662E-02
02 02 sjc202.dat 9.7935E-01
02 03 sjc203.dat 5.5449E-03
02 04 sjc204.dat 3.8015E-03
02 05 sjc205.dat 2.7335E-04
02 06 sjc206.dat 4.2139E-05
02 07 sjc207.dat 1.0133E-05
02 08 sjc208.dat 4.7607E-06
03 00 sjc300.dat 1.7612E-07
03 01 sjc301.dat 1.3007E-03
03 02 sjc302.dat 6.4001E-03
03 03 sjc303.dat 9.3950E-01
03 04 sjc304.dat 8.0842E-04
03 05 sjc305.dat 6.1918E-03
03 06 sjc306.dat 4.5889E-04
03 07 sjc307.dat 1.0793E-04
03 08 sjc308.dat 1.0793E-05
03 09 sjc309.dat 1.4691E-05
