00 00 sj0000.dat .9996811E+00
00 01 sj0001.dat .2802109E-03 
00 02 sj0002.dat .3870145E-04 
01 00 sj0100.dat .2884814E-03
01 01 sj0101.dat .9977152E+00
01 02 sj0102.dat .1826477E-02
01 03 sj0103.dat .1672560E-03
02 00 sj0200.dat .2964342E-04 
02 01 sj0201.dat .1908244E-02
02 02 sj0202.dat .9914194E+00
02 03 sj0203.dat .6170033E-02
02 04 sj0204.dat .4633276E-03
02 05 sj0205.dat .6181733E-05
02 06 sj0206.dat .1214550E-05
03 01 sj0301.dat .8430624E-04
03 02 sj0302.dat .6554887E-02
03 03 sj0303.dat .9767417E+00
03 04 sj0304.dat .1553751E-01
03 05 sj0305.dat .1050741E-02
03 06 sj0306.dat .1458299E-04
03 07 sj0307.dat .3886696E-05
03 08 sj0308.dat .1698147E-05
04 02 sj0402.dat .1060273E-03 
04 03 sj0403.dat .1674382E-01
04 04 sj0404.dat .9478770E+00
04 05 sj0405.dat .3305827E-01
04 06 sj0406.dat .2158499E-02
04 07 sj0407.dat .2199249E-04
04 08 sj0408.dat .8486143E-05
04 09 sj0409.dat .3412772E-05
04 10 sj0410.dat .2019179E-05
05 03 sj0503.dat .3378040E-04
05 04 sj0504.dat .3580261E-01
05 05 sj0505.dat .8970521E+00
05 06 sj0506.dat .6273336E-01
05 07 sj0507.dat .4272276E-02
05 08 sj0508.dat .2011966E-04
05 09 sj0509.dat .1442067E-04
05 10 sj0510.dat .5662755E-05 
05 11 sj0511.dat .3071890E-05
06 04 sj0604.dat .6445357E-04
06 05 sj0605.dat .6730019E-01
06 06 sj0606.dat .8150963E+00
06 07 sj0607.dat .1089220E+00
06 08 sj0608.dat .8442496E-02
06 09 sj0609.dat .5640826E-05
06 10 sj0610.dat .2070168E-04
06 11 sj0611.dat .8084135E-05
07 05 sj0705.dat .1248978E-02
07 06 sj0706.dat .1132855E+00
07 07 sj0707.dat .6936032E+00
07 08 sj0708.dat .1747345E+00
07 09 sj0709.dat .1688083E-01
07 11 sj0711.dat .2677977E-04
07 12 sj0712.dat .9698001E-05
