00 00 sj0000.dat .8638228E+00   
00 01 sj0001.dat .8712862E-01 
00 02 sj0002.dat .3144656E-01
01 00 sj0100.dat .1320142E+00
01 01 sj0101.dat .6831250E+00
01 02 sj0102.dat .8655815E-01
01 03 sj0103.dat .5471105E-01
01 04 sj0104.dat .2221937E-01
02 01 sj0201.dat .2115113E+00
02 02 sj0202.dat .5983241E+00
02 03 sj0203.dat .5548360E-01
02 04 sj0204.dat .6503444E-01
02 05 sj0205.dat .2923558E-01
03 02 sj0302.dat .2344838E+00
03 03 sj0303.dat .5794961E+00
03 04 sj0304.dat .2249376E-01
03 05 sj0305.dat .6799825E-01
03 06 sj0306.dat .3022904E-01
04 03 sj0403.dat .1998583E+00
04 04 sj0404.dat .6001889E+00
04 05 sj0405.dat .2535721E-02
04 06 sj0406.dat .6969402E-01
04 07 sj0407.dat .2711999E-01
05 03 sj0503.dat .9234741E-01
05 04 sj0504.dat .1242556E+00
05 05 sj0505.dat .6290315E+00
05 06 sj0506.dat .2994244E-02
05 07 sj0507.dat .7392103E-01
05 08 sj0508.dat .2248643E-01
05 09 sj0509.dat .1669980E-01
06 04 sj0604.dat .1363840E+00
06 05 sj0605.dat .4541378E-01
06 06 sj0606.dat .6366237E+00
06 07 sj0607.dat .2473098E-01
06 08 sj0608.dat .8013871E-01
06 09 sj0609.dat .1874306E-01
06 10 sj0610.dat .1382131E-01
07 05 sj0705.dat .1538850E+00
07 06 sj0706.dat .3036574E-02
07 07 sj0707.dat .6094945E+00
07 08 sj0708.dat .6004895E-01
07 09 sj0709.dat .8373404E-01
07 10 sj0710.dat .1770726E-01
08 06 sj0806.dat .1324613E+00
08 08 sj0808.dat .5636430E+00
08 10 sj0810.dat .7621916E-01
