00 00 sja000.dat 9.9066E-01
00 01 sja001.dat 8.6155E-03
00 02 sja002.dat 6.9525E-04
00 03 sja003.dat 2.6215E-05
01 00 sja100.dat 9.0471E-03
01 01 sja101.dat 9.7934E-01
01 02 sja102.dat 9.5165E-03
01 03 sja103.dat 1.9608E-03
01 04 sja104.dat 1.1220E-04
02 00 sja200.dat 2.9070E-05
02 01 sja201.dat 1.0662E-02
02 02 sja202.dat 9.7935E-01
02 03 sja203.dat 5.5449E-03
02 04 sja204.dat 3.8015E-03
02 05 sja205.dat 2.7335E-04
03 01 sja301.dat 1.3622E-03
03 02 sja302.dat 6.7027E-03
03 03 sja303.dat 9.8391E-01
03 04 sja304.dat 8.4664E-04
03 05 sja305.dat 6.4845E-03
03 06 sja306.dat 4.8059E-04
04 00 sja400.dat 8.5160E-07
04 01 sja401.dat 1.0266E-05
04 02 sja402.dat 3.5695E-03
04 03 sja403.dat 1.1478E-03
04 04 sja404.dat 9.8204E-01
04 05 sja405.dat 1.3788E-03
04 06 sja406.dat 1.0744E-02
04 07 sja407.dat 6.3815E-04
05 01 sja501.dat 1.4046E-06
05 02 sja502.dat 1.5720E-04
05 03 sja503.dat 6.5123E-03
05 04 sja504.dat 1.7476E-03
05 05 sja505.dat 9.5670E-01
05 06 sja506.dat 1.5237E-02
05 07 sja507.dat 1.8227E-02
05 08 sja508.dat 5.8910E-04
